--01a. Freq SQL Output for January 2018 Transaction Data

YEAR_WEEK       CNT
-9999           5
201801          7
201802          29
201805          9

AMOUNT_SEGMENT  CNT
-9999           5
11-100          3
101-1000        2
1001-2000       1
>2000           39

PAID_FULL_FLAG  CNT
-9999           5
0               17
1               28

--02a. FreqFreq SQL Output for January 2018 Transaction Data

ACCT_ID         NO    FREQFREQ
001             1     1
002             1     1
003             1     1
004             1     4
004             2     4
004             3     4
004             4     4
005             1     2
005             2     2
006             1     1
007             1     1
008             1     1
009             1     1
010             1     2
010             2     2
011             1     1
012             1     1
013             1     1
014             1     1
015             1     2
015             2     2
016             1     1
017             1     1
018             1     1
019             1     1
020             1     2
020             2     2
021             1     1
022             1     2
022             2     2
023             1     1
024             1     1
025             1     1
026             1     1
027             1     1
028             1     3
028             2     3
028             3     3
029             1     1
030             1     1
031             1     1
032             1     1
033             1     2
033             2     2
034             1     1
035             1     1
036             1     1
037             1     1
038             1     1
039             1     1

FREQFREQ        FREQ
1               31
2               6
3               1
4               1

--03a. Dump SQL Output for January 2018 Transaction Data

ACCT_ID	D_PAID_1801	A_PAID_1801	  F_PDFL_1801
001	    2018/1/9	  5000	        1
002	    2018/1/10	  3189	        0
003	    -9999	      -9999	        -9999
004	    2018/1/9	  3000	        0
004	    2018/1/9	  3000	        0
004	    2018/1/9	  3000	        0
004	    2018/1/9	  3000	        0
005	    2018/1/5	  5000	        1
005	    2018/1/5	  5000	        1
006	    2018/1/29	  5000	        1

--01b. Freq SQL Output for February 2018 Transaction Data

YEAR_WEEK       CNT
-9999           6
201806          36
201809          8

AMOUNT_SEGMENT  CNT
-9999           6
11-100          2
101-1000        2
1001-2000       3
>2000           37

PAID_FULL_FLAG  CNT
-9999           6
0               15
1               29

--02b. FreqFreq SQL Output for February 2018 Transaction Data

ACCT_ID         NO    FREQFREQ
001             1     1
002             1     1
003             1     1
004             1     2
004             2     2
005             1     3
005             2     3
005             3     3
006             1     2
006             2     2
007             1     1
008             1     1
009             1     1
010             1     1
011             1     1
012             1     1
013             1     1
014             1     1
015             1     1
016             1     3
016             2     3
016             3     3
017             1     1
018             1     1
019             1     1
020             1     2
020             2     2
021             1     2
021             2     2
022             1     1
023             1     1
024             1     1
025             1     1
026             1     1
027             1     1
028             1     2
028             2     2
029             1     2
029             2     2
030             1     1
031             1     1
032             1     1
033             1     1
034             1     1
035             1     1
036             1     1
037             1     1
038             1     1
039             1     2
039             2     2

FREQFREQ        FREQ
1               30
2               7
3               2

--03b. Dump SQL Output for February 2018 Transaction Data

ACCT_ID	D_PAID_1802	A_PAID_1802	  F_PDFL_1802
001	    2018/2/9	  5000	        1
002	    2018/2/8	  2289	        0
003	    -9999	      -9999	        -9999
004	    2018/2/9	  3000	        0
004	    2018/2/9	  3000	        0
005	    2018/2/5	  5000	        1
005	    2018/2/5	  5000	        1
005	    2018/2/5	  5000	        1
006	    2018/2/28	  5000	        1
006	    2018/2/28	  5000	        1

--01c. Freq SQL Output for March 2018 Transaction Data

YEAR_WEEK       CNT
-9999           10
201810          34
201813          6

AMOUNT_SEGMENT  CNT
-9999           10
101-1000        3
1001-2000       2
>2000           35

PAID_FULL_FLAG  CNT
-9999           10
0               16
1               24

--02c. FreqFreq SQL Output for March 2018 Transaction Data

ACCT_ID         NO    FREQFREQ
001             1     2
001             2     2
002             1     1
003             1     1
004             1     1
005             1     2
005             2     2
006             1     1
007             1     2
007             2     2
008             1     1
009             1     1
010             1     1
011             1     1
012             1     1
013             1     1
014             1     1
015             1     1
016             1     3
016             2     3
016             3     3
017             1     1
018             1     1
019             1     1
020             1     2
020             2     2
021             1     2
021             2     2
022             1     1
023             1     1
024             1     1
025             1     1
026             1     1
027             1     1
028             1     1
029             1     1
030             1     2
030             2     2
031             1     1
032             1     1
033             1     1
034             1     1
035             1     1
036             1     1
037             1     1
038             1     1
039             1     4
039             2     4
039             3     4
039             4     4

FREQFREQ        FREQ
1               31
2               6
3               1
4               1

--03c. Dump SQL Output for March 2018 Transaction Data

ACCT_ID	D_PAID_1803	A_PAID_1803	  F_PDFL_1803
001	    2018/3/9	  5000	        1
001	    2018/3/9	  5000	        1
002	    2018/3/8	  2289	        0
003	    -9999	      -9999	        -9999
004	    2018/3/9	  3000	        0
005	    -9999	      -9999	        -9999
005	    -9999	      -9999	        -9999
006	    2018/3/29	  5000	        1
007	    -9999	      -9999	        -9999
007	    -9999	      -9999	        -9999

--01d. Freq SQL Output for April 2018 Transaction Data

YEAR_WEEK       CNT
-9999           12
201814          2
201815          23
201817          13

AMOUNT_SEGMENT  CNT
-9999           12
101-1000        6
>2000           32

PAID_FULL_FLAG  CNT
-9999           12
0               13
1               25

--02d. FreqFreq SQL Output for April 2018 Transaction Data

ACCT_ID         NO    FREQFREQ
001             1     1
002             1     2
002             2     2
003             1     2
003             2     2
004             1     1
005             1     2
005             2     2
006             1     1
007             1     4
007             2     4
007             3     4
007             4     4
008             1     1
009             1     1
010             1     1
011             1     1
012             1     1
013             1     1
014             1     1
015             1     1
016             1     3
016             2     3
016             3     3
017             1     1
018             1     1
019             1     2
019             2     2
020             1     1
021             1     1
022             1     1
023             1     1
024             1     1
025             1     1
026             1     1
027             1     1
028             1     1
029             1     1
030             1     2
030             2     2
031             1     2
031             2     2
032             1     1
033             1     1
034             1     1
035             1     1
036             1     1
037             1     1
038             1     1
039             1     1

FREQFREQ        FREQ
1               31
2               6
3               1
4               1

--03d. Dump SQL Output for April 2018 Transaction Data

ACCT_ID	D_PAID_1804	A_PAID_1804	  F_PDFL_1804
001	    -9999	      -9999	        -9999
002	    -9999	      -9999	        -9999
002	    -9999	      -9999	        -9999
003	    2018/4/10	  2289	        0
003	    2018/4/10	  2289	        0
004	    2018/4/9	  5000	        1
005	    2018/4/10	  3589	        0
005	    2018/4/10	  3589	        0
006	    2018/4/26	  5000	        1
007	    2018/4/27	  5000	        1

--01e. Freq SQL Output for May 2018 Transaction Data

YEAR_WEEK       CNT
-9999           18
201819          20
201821          2
201822          10

AMOUNT_SEGMENT  CNT
-9999           18
101-1000        3
>2000           29

PAID_FULL_FLAG  CNT
-9999           18
0               10
1               22

--02e. FreqFreq SQL Output for May 2018 Transaction Data

ACCT_ID         NO    FREQFREQ
001             1     1
002             1     2
002             2     2
003             1     2
003             2     2
004             1     1
005             1     2
005             2     2
006             1     1
007             1     4
007             2     4
007             3     4
007             4     4
008             1     1
009             1     1
010             1     1
011             1     1
012             1     1
013             1     1
014             1     1
015             1     1
016             1     3
016             2     3
016             3     3
017             1     1
018             1     1
019             1     1
020             1     1
021             1     1
022             1     1
023             1     1
024             1     1
025             1     1
026             1     1
027             1     1
028             1     1
029             1     1
030             1     3
030             2     3
030             3     3
031             1     1
032             1     1
033             1     1
034             1     1
035             1     1
036             1     1
037             1     1
038             1     1
039             1     2
039             2     2

FREQFREQ        FREQ
1               32
2               4
3               2
4               1

--03e. Dump SQL Output for May 2018 Transaction Data

ACCT_ID	D_PAID_1805	A_PAID_1805	  F_PDFL_1805
001	    2018/5/30	  5000	        1
002	    2018/5/31	  5000	        1
002	    2018/5/31	  5000	        1
003	    2018/5/10	  2359	        0
003	    2018/5/10	  2359	        0
004	    2018/5/9	  5000	        1
005	    2018/5/10	  3589	        0
005	    2018/5/10	  3589	        0
006	    2018/5/30	  5000	        1
007	    -9999	      -9999	        -9999

--01f. Freq SQL Output for June 2018 Transaction Data

YEAR_WEEK       CNT
-9999           22
201823          16
201826          12

AMOUNT_SEGMENT  CNT
-9999           22
101-1000        2
>2000           26

PAID_FULL_FLAG  CNT
-9999           22
0               12
1               16

--02f. FreqFreq SQL Output for June 2018 Transaction Data

ACCT_ID         NO    FREQFREQ
001             1     1
002             1     1
003             1     3
003             2     3
003             3     3
004             1     1
005             1     2
005             2     2
006             1     1
007             1     4
007             2     4
007             3     4
007             4     4
008             1     1
009             1     1
010             1     1
011             1     1
012             1     1
013             1     1
014             1     1
015             1     1
016             1     2
016             2     2
017             1     1
018             1     1
019             1     1
020             1     1
021             1     2
021             2     2
022             1     1
023             1     1
024             1     1
025             1     1
026             1     1
027             1     1
028             1     1
029             1     1
030             1     4
030             2     4
030             3     4
030             4     4
031             1     1
032             1     1
033             1     1
034             1     1
035             1     1
036             1     1
037             1     1
038             1     1
039             1     1

FREQFREQ        FREQ
1               33
2               3
3               1
4               2

--03f. Dump SQL Output for June 2018 Transaction Data

ACCT_ID	D_PAID_1806	A_PAID_1806	  F_PDFL_1806
001	    -9999	      -9999	        -9999
002	    2018/6/29	  5000	        1
003	    2018/6/8	  2359	        0
003	    2018/6/8	  2359	        0
003	    2018/6/8	  2359	        0
004	    2018/6/7	  5000	        1
005	    2018/6/8	  3589	        0
005	    2018/6/8	  3589	        0
006	    2018/6/28	  5000	        1
007	    -9999	      -9999	        -9999
